0  50.000000
1  49.492152
2  48.984307
3  48.476468
4  47.968637
5  47.460818
6  46.953012
7  46.445224
8  45.937455
9  45.429708
10  44.921986
11  44.414292
12  43.906628
13  43.398997
14  42.891402
15  42.383845
16  41.876328
17  41.368855
18  40.861428
19  40.354048
20  39.846719
21  39.339442
22  38.832220
23  38.325056
24  37.817950
25  37.310906
26  36.803925
27  36.297009
28  35.790160
29  35.283381
30  34.776672
31  34.270035
32  33.763472
33  33.256984
34  32.750574
35  32.244241
36  31.737989
37  31.231816
38  30.725726
39  30.219719
40  29.713796
41  29.207957
42  28.702204
43  28.196537
44  27.690957
45  27.185465
46  26.680060
47  26.174744
48  25.669516
49  25.164377
50  24.659326
51  24.154364
52  23.649491
53  23.144707
54  22.640011
55  22.135402
56  21.630881
57  21.126447
58  20.622099
59  20.117837
60  19.613659
61  19.109565
62  18.605555
63  18.101626
64  17.597778
65  17.094009
66  16.590319
67  16.086705
68  15.583167
69  15.079703
70  14.576311
71  14.072990
72  13.569738
73  13.066552
74  12.563432
75  12.060376
76  11.557380
77  11.054444
78  10.551564
79  10.048740
80  9.545968
81  9.043247
82  8.540573
83  8.037946
84  7.535361
85  7.032817
86  6.530311
87  6.027841
88  5.525404
89  5.022997
90  4.520617
91  4.018263
92  3.515931
93  3.013619
94  2.511323
95  2.009042
96  1.506772
97  1.004510
98  0.502253
99  0.000000
