0  50.000000
1  49.175724
2  48.352371
3  47.530858
4  46.712099
5  45.896992
6  45.086425
7  44.281263
8  43.482352
9  42.690514
10  41.906542
11  41.131196
12  40.365204
13  39.609256
14  38.864004
15  38.130058
16  37.407984
17  36.698302
18  36.001484
19  35.317957
20  34.648093
21  33.992216
22  33.350597
23  32.723457
24  32.110962
25  31.513227
26  30.930313
27  30.362230
28  29.808936
29  29.270340
30  28.746299
31  28.236623
32  27.741075
33  27.259371
34  26.791184
35  26.336146
36  25.893848
37  25.463841
38  25.045644
39  24.638740
40  24.242581
41  23.856591
42  23.480168
43  23.112686
44  22.753499
45  22.401941
46  22.057333
47  21.718982
48  21.386184
49  21.058229
50  20.734402
51  20.413988
52  20.096268
53  19.780532
54  19.466073
55  19.152193
56  18.838205
57  18.523437
58  18.207230
59  17.888947
60  17.567968
61  17.243698
62  16.915567
63  16.583029
64  16.245568
65  15.902699
66  15.553968
67  15.198955
68  14.837274
69  14.468576
70  14.092548
71  13.708916
72  13.317445
73  12.917940
74  12.510246
75  12.094249
76  11.669876
77  11.237094
78  10.795912
79  10.346380
80  9.888587
81  9.422664
82  8.948777
83  8.467135
84  7.977981
85  7.481594
86  6.978288
87  6.468410
88  5.952337
89  5.430478
90  4.903267
91  4.371163
92  3.834652
93  3.294236
94  2.750438
95  2.203798
96  1.654867
97  1.104209
98  0.552394
99  0.000000
