0  50.000000
1  41.980223
2  34.853263
3  29.217047
4  25.240249
5  22.728014
6  21.301275
7  20.569631
8  20.229320
9  20.085110
10  20.029197
11  20.009283
12  20.002742
13  20.000755
14  20.000194
15  20.000047
16  20.000011
17  20.000002
18  20.000000
19  20.000000
20  20.000000
21  20.000000
22  20.000000
23  20.000000
24  20.000000
25  20.000000
26  20.000000
27  20.000000
28  20.000000
29  20.000000
30  20.000000
31  20.000000
32  20.000000
33  20.000000
34  20.000000
35  20.000000
36  20.000000
37  20.000000
38  20.000000
39  20.000000
40  20.000000
41  20.000000
42  20.000000
43  20.000000
44  20.000000
45  20.000000
46  20.000000
47  20.000000
48  20.000000
49  20.000000
50  20.000000
51  20.000000
52  20.000000
53  20.000000
54  20.000000
55  20.000000
56  20.000000
57  20.000000
58  20.000000
59  20.000000
60  20.000000
61  20.000000
62  20.000000
63  20.000000
64  20.000000
65  20.000000
66  20.000000
67  20.000000
68  20.000000
69  20.000000
70  20.000000
71  20.000000
72  20.000000
73  20.000000
74  20.000000
75  20.000000
76  20.000000
77  20.000000
78  20.000000
79  20.000000
80  20.000000
81  20.000000
82  19.999999
83  19.999993
84  19.999969
85  19.999871
86  19.999497
87  19.998172
88  19.993812
89  19.980535
90  19.943260
91  19.847120
92  19.620246
93  19.132484
94  18.181324
95  16.506501
96  13.855302
97  10.097825
98  5.346518
99  0.000000
