           0  0.99999999999999978     
           1  0.14486672016650198     
           2   3.9379711498927383E-002
           3   1.7614282161841708E-003
           4   1.0584328843675965E-002
           5   3.1777166029068493E-002
           6   2.5220699803702298E-002
           7   6.7368636432883593E-003
           8   5.7333581062341014E-003
           9   2.4364297625227328E-003
          10   9.9565045136100101E-003
          11   9.2981164902890972E-004
          12   5.4957552080157311E-003
          13   2.0772859905305394E-003
          14   6.8174048920885090E-003
          15   7.9917777299939939E-004
          16   1.4431463164598601E-002
          17   1.5401845979964633E-002
          18   5.0891424428596403E-004
          19   1.0571895917166339E-002
          20   1.8291179894934654E-003
