           0   1.0000000000000000     
           1   5.7559272193119224E-002
           2   2.9966671209368109E-004
           3   1.3994356487424073E-003
           4   1.2555712056369862E-002
           5   2.2665539905632318E-003
           6   5.3723404748597381E-003
           7   8.4988733088716545E-003
           8   1.2163039152490342E-002
           9   3.0276209981263125E-003
          10   8.7563261443536888E-003
          11   3.0435865161999877E-003
          12   2.4880716208194615E-003
          13   9.3585599363852964E-003
          14   1.1723111853550813E-002
          15   5.0502949672566657E-003
          16   2.8589608515974599E-003
          17   7.1360048118404660E-003
          18   6.6990038917075258E-003
          19   5.2048971835992842E-003
          20   6.3850408246954237E-003
