  
 ising2d METROPOLIS
         10000  iteracoes   N  =          30
   J  =   1.0000000000000000         beta  =  0.41999999999999998         H  =   0.0000000000000000     
   aceitacao  =   26.581811111111108      %
  
 MAGNETIZACAO:    5.0452444444444515E-002   4.3358204456376967E-003
 Mabs:   0.38449511111111057        2.0664546462521847E-003
 Msqrt:   0.43650754692046206        1.6146766141132379E-003
 exato (H=0)  =                       NaN     diferenca  =                       NaN
 correlacoes:
           0  0.99999999999999989     
           1  0.99026820382364800     
           2  0.98011439625094898     
           3  0.97007866642479579     
           4  0.95992253721671028     
           5  0.94999181012538214     
           6  0.94048851408531020     
           7  0.93155478404287217     
           8  0.92279926321294525     
           9  0.91401502063943763     
          10  0.90544871285535300     
          11  0.89744094598101454     
          12  0.88902505584804592     
          13  0.88083550846883341     
          14  0.87291225553240703     
          15  0.86514115214637732     
          16  0.85743410761896643     
          17  0.84978274811497800     
          18  0.84207857857499790     
          19  0.83465897065931738     
          20  0.82753953033988725     
  
 ENERGIA:   -1.2038822222222161        9.1926572710888932E-004
 correlacoes:
           0   1.0000000000000000     
           1  0.72656847477813857     
           2  0.59162365981103260     
           3  0.50401165981429641     
           4  0.44145764692337947     
           5  0.39955890827583562     
           6  0.36092256139656054     
           7  0.33406522144247675     
           8  0.31518893294879763     
           9  0.29786131754234324     
          10  0.28198925140858533     
          11  0.26865925521777723     
          12  0.25230864812970338     
          13  0.24146928527143949     
          14  0.22517573160565788     
          15  0.21268287466774360     
          16  0.20597396800125473     
          17  0.19511657982358457     
          18  0.17815503709534083     
          19  0.17421501845254855     
          20  0.16524667279774766     
